height 	 width 	 red 	 green 	 blue
99	99	0.7083116648477356	0.6728871700591582	0.409802700808876
98	99	0.7065334549787383	0.6727923104151398	0.4086896696130781
98	99	0.7070973955175675	0.6725677317625106	0.40772936735452564
98	99	0.7056468892098257	0.6719261881065874	0.40571947389819696
98	99	0.7058124853402811	0.6714101777132334	0.4069223820859472
98	99	0.7048893676763601	0.6714799769583534	0.4055429624476016
99	99	0.7053596074034457	0.6709067680890722	0.40458794705125134
98	99	0.7047453123870632	0.6707676893052892	0.4039150883437148
98	99	0.7057687420584507	0.6710915115728635	0.403919077160725
97	99	0.7048471624422138	0.6703625657580108	0.40314044316913805
98	98	0.7055451368912872	0.6702784149351345	0.40482213970308106
98	99	0.7044235353905257	0.6698976884617394	0.4023591192289398
97	98	0.7054422430634055	0.6698751774536	0.4029350638333974
98	98	0.7040308337075298	0.6695120490944467	0.4020351244823634
98	98	0.7043511688571047	0.6696406684889102	0.40302292782167015
98	99	0.7039721389762873	0.6694846557604109	0.40271635016603563
99	99	0.7046838247494127	0.6695341551254647	0.4030465844874537
99	99	0.703734223224001	0.6692246144538926	0.40169342681088377
98	99	0.7047155394272472	0.66971412073334	0.4044651523975933
98	99	0.7042615373145468	0.6695315489947551	0.4040612341260969
98	99	0.7051107342279366	0.670013984349429	0.4062418796552514
98	99	0.7047467578313719	0.6699233275116729	0.4053846630250334
98	99	0.7055348032408284	0.6704243621448063	0.407581237267032
98	99	0.704923604360378	0.6699827098746641	0.40699718262478496
98	99	0.7061045900122026	0.6704526162351842	0.40809061728945073
98	98	0.7049984658174242	0.6703630568835297	0.4075516425651538
99	99	0.7057234555341607	0.670384769102205	0.40859353994840736
98	98	0.7047268244502712	0.6701867213240548	0.4083238648318819
99	99	0.7043424648889031	0.6696988674152496	0.4091844710154434
99	99	0.7037370842721632	0.6689747871381098	0.4082889136812532
98	98	0.6915068453056065	0.6669608209000712	0.3969267468151589
99	99	0.7047424525365714	0.6690130913476497	0.4092072245564898
99	99	0.7039884273610264	0.6686310978204052	0.4081616279493822
99	99	0.7043386893486734	0.668354652565987	0.4085964411874416
99	99	0.7034752607115132	0.6685580577692395	0.40764201868503563
99	99	0.7041222557920083	0.6683945758380451	0.4090799359166624
99	99	0.7033438375350153	0.6681883169934634	0.4089203042328044
99	99	0.7046054501592497	0.6682900046401907	0.4113366422024146
99	99	0.7037000371241194	0.6682904222201188	0.4110183412555719
99	99	0.7045225715936297	0.6683813213326918	0.41208802411779283
99	99	0.703672252607866	0.6681688745821462	0.4119540598212794
98	98	0.6913376960479657	0.6671214613875364	0.3959658294641664
99	99	0.7038597924905517	0.6680262281047363	0.4127793910915893
99	99	0.7025353499172758	0.6676242760059153	0.41116674829494376
99	98	0.7038993673866215	0.6678860271245479	0.4126088409732442
99	99	0.7028525596487509	0.6677822390923284	0.41224057943455894
99	98	0.7037051152382213	0.6678661995573196	0.41310740094692266
99	99	0.7028318640275353	0.6675866011036269	0.412636274143394
99	99	0.7033987254168323	0.6675930137582582	0.4132950860563733
99	98	0.7026723730800198	0.6675040314391063	0.4119188671350232
99	98	0.7036637060219373	0.6681619269413767	0.41337702059717363
99	99	0.7032428919736351	0.668218974607036	0.4129212412600228
98	98	0.6920202907033468	0.6671573505023884	0.39721685689201075
99	98	0.704161963813684	0.6689958614893743	0.41437191871515616
99	98	0.7037623220688375	0.668996258194358	0.41378703947946915
99	98	0.7048002380847839	0.66975054764379	0.4157818987261491
99	98	0.7041303287484149	0.669466881279875	0.4151160862354895
99	98	0.7048725697518713	0.6697126020454203	0.41636092675657177
99	98	0.704579711839999	0.6701720529146167	0.41548549331501
99	98	0.7050002802164732	0.6701184462849389	0.41649427261895217
99	98	0.7042749289623876	0.6701685894342819	0.41580227417837684
99	98	0.7053474827703053	0.6703790654643056	0.41676771666020684
99	98	0.7043593568705455	0.6704171176178076	0.4158018155049199
99	98	0.6911558654054838	0.6670246359954236	0.3957463099653491
99	98	0.7053757621412359	0.6703858915193577	0.41783404397442236
99	98	0.704479705444026	0.6704168006000215	0.417449324488862
99	98	0.7053951380726052	0.6706262000890716	0.418469872744928
99	98	0.7044349278840895	0.6701115966664477	0.41812394063417274
99	99	0.7051060978984317	0.670993596745457	0.4188393554995655
99	99	0.7044307279208802	0.6712459498692568	0.418318586858795
99	99	0.7050222067066193	0.6712869222862236	0.41937850313221225
99	99	0.7045092220864604	0.6707972110703824	0.4188824887027016
99	99	0.7049846503033564	0.6705610762731999	0.41885612023686547
99	99	0.7039077551673243	0.6705417057442181	0.41825509341049477
99	99	0.7044244954969368	0.67021140387889	0.4194041504803754
99	99	0.703382886290025	0.6697741510056047	0.41743468900913466
99	99	0.7038283366838556	0.6695685109110506	0.418672610203071
99	99	0.7031726057555454	0.6696033576037067	0.41760947732623416
99	99	0.7036841185211075	0.6691994678009883	0.4186677543726756
99	99	0.7027780001989655	0.6690498894768893	0.4176152728137418
99	99	0.703434711345838	0.6694882535057365	0.4178818672980027
98	98	0.7028353288217932	0.6694226717235569	0.4177923204680101
98	99	0.703848194144914	0.6695441362385666	0.41859795245531867
98	99	0.7024223201087472	0.6695180863101654	0.4177706137386137
98	98	0.7028973448434684	0.6695432100599781	0.41862423170834423
98	99	0.7025527751423141	0.6694200664136626	0.4184367093611644
98	99	0.7032571135201302	0.6699025531662819	0.4199326659163166
98	99	0.7022906266510627	0.6693157746604054	0.4179620878822443
98	99	0.7034979286794616	0.6690145744972202	0.4196502811518467
99	99	0.701969986463153	0.6681641954052211	0.41666896720402413
98	99	0.7033140712204274	0.6690838148861554	0.4190028152318863
98	99	0.7018417992905331	0.6686385595406482	0.41689192358298
98	99	0.7017558414878358	0.669146227940867	0.4185614001298793
98	99	0.7012571028159599	0.6689627606421953	0.41719183709724017
98	99	0.7017993602274747	0.6690900025669879	0.41828189483245476
98	99	0.7010775303448833	0.6683487495464	0.4163750052457095
99	99	0.7009019994967384	0.668208388982444	0.4151041364225851
98	99	0.7005018027362073	0.6683972934261863	0.414708845754927
99	99	0.7009225511977191	0.6677465259122656	0.41367563564552007
99	99	0.7002542608653577	0.667687580892937	0.41218081310253957
99	99	0.7013356768809507	0.6676796215461117	0.41445930143881277
99	99	0.7002098506357237	0.6676217654078049	0.41301800068255967
99	99	0.7010301441233358	0.6678975133700839	0.41409130635832586
99	99	0.6999128755427119	0.6674701477727598	0.41198009690175763
98	99	0.7005458312601638	0.667840513304173	0.4129355820096
99	99	0.7000813965319255	0.6675891606951652	0.4105505409477854
99	99	0.7008196204526816	0.6675711590597159	0.4123520197096897
98	99	0.700170825906119	0.6677143988908699	0.41161665676371617
98	99	0.7008319154363767	0.6678584431119928	0.4126107383713882
98	99	0.7000557252078539	0.6677677967738819	0.41051893790230537
99	99	0.7008116351354285	0.667576571527015	0.41024965362955
98	99	0.6999554367201414	0.6678352148940383	0.41022232125173347
98	99	0.7012504269569465	0.6683017261436257	0.41110682091569295
98	98	0.6999085182182605	0.6680733540097036	0.4093846920485227
98	99	0.6921748918255186	0.6663733286555171	0.39707880169960663
98	99	0.7008137936159917	0.6682650217383227	0.41111862559300416
98	99	0.6999851418213144	0.6681351499933137	0.4096944663189853
97	98	0.7004544763641886	0.6684774788468352	0.4101823985408119
98	98	0.6996831205926974	0.6682466006129307	0.4093080226526628
98	98	0.7007689447460393	0.6686502565628019	0.4105332044322154
98	98	0.6996347242577308	0.6684218748837584	0.40855831392883474
98	99	0.7007223159704928	0.6686970807531901	0.4089864531684028
99	99	0.6996805204823486	0.668153689782234	0.40707463982747644
98	99	0.7004026566423489	0.6688939076514653	0.40944286782659556
98	99	0.6994566978008252	0.6684902034972127	0.40842922110198615
98	99	0.7004872881880253	0.6688890373769081	0.4093299973024678
98	99	0.6995954722583041	0.6687712005938002	0.40889961031731326
98	99	0.6999910895941313	0.6689219893966153	0.40937572706436787
98	99	0.6992548376159757	0.6687692570401864	0.40782234893200026
97	99	0.6995776200562355	0.6688110190380624	0.4088504081354593
97	98	0.6988407910596576	0.668775266241077	0.40790216415430375
98	99	0.6989576192490388	0.6681733541420524	0.40703072203342106
98	99	0.6983918309975609	0.6680221685598445	0.4065348128585436
97	98	0.6993227194577781	0.6687248442205054	0.4083653836597999
99	99	0.6978445968958307	0.6681973434535089	0.40511409526589826
99	98	0.691879397867081	0.6661687903214001	0.39699518703278414
99	99	0.6990070714816036	0.6685079295529496	0.406916663623861
99	99	0.6985264305548462	0.6684612333204336	0.4042267471715015
99	99	0.699068670060847	0.6685492923109874	0.40609783712317693
99	99	0.698285408456187	0.6684211550625203	0.40516810198024616
99	99	0.6988390092879262	0.66908551901396	0.4060566232451274
99	99	0.6979998102702194	0.6687108834353729	0.4048969742964797
99	99	0.6989244643004885	0.6688994982455612	0.40544775865173605
99	99	0.6981920103939339	0.6689050604731268	0.40394930524635725
99	99	0.6989639715317402	0.6693737323564702	0.4052125258398406
99	99	0.6976618792718486	0.6686245258919068	0.40393473152562903
98	98	0.6913140908537335	0.6659968335160145	0.39541980270369054
99	99	0.6983102738857857	0.6685094724115394	0.404557775372705
98	99	0.6971401267208375	0.6685009251742461	0.4037855351017692
98	99	0.6982023863712696	0.669277895098162	0.4058796168473736
98	99	0.697396482378314	0.6688774304596871	0.4048130377357086
97	99	0.6980377232714742	0.6690017983598348	0.40545925334487487
97	99	0.6975638891170143	0.6687800034342953	0.4041395718079089
97	99	0.6977975127018673	0.6690323657738592	0.4045514914569214
97	99	0.6970316389084268	0.6687217242531696	0.4027683421371605
97	99	0.695716063636774	0.6688108840273287	0.40376712499937584
97	99	0.6954745358209637	0.6686754824409973	0.40243809695350513
98	98	0.6921303228853944	0.6660039006289211	0.3971746006238086
97	99	0.6966481913433492	0.6693712139962439	0.40342055985979797
97	99	0.6972896069930146	0.6693515559756157	0.4024908611748711
97	99	0.6962756108058336	0.6689457406239671	0.40174859121800877
97	99	0.6966614349046146	0.6694132165824319	0.40169168650480785
98	99	0.695694618272842	0.6688080689096655	0.3988451250337438
97	99	0.6964331826580524	0.6693276773693744	0.3998300202321057
97	98	0.6973189480579122	0.6693826026506843	0.4016674070114419
98	98	0.6984064184493656	0.6709216102993255	0.4012952599467094
98	98	0.6978399469925657	0.6699639254951032	0.39717637242631715
98	99	0.6972250000000015	0.6699343137254894	0.3959612745098042
98	98	0.6982495360939739	0.6703592851067158	0.3960852949755976
98	98	0.699135784313727	0.6707338235294107	0.397238235294118
98	98	0.6914752208709364	0.6661336095891901	0.3959140396825979
98	98	0.7008196801391225	0.6730770733804227	0.39801186044921244
98	98	0.7003817996614384	0.6726254772495762	0.398014544051083
98	99	0.6926103229598548	0.6665321101808732	0.3987248708476332
98	98	0.7000937660244692	0.6726852733621462	0.397707127682954
98	98	0.7007895906929952	0.6731045670199303	0.39791120036352445
98	99	0.6916311187918835	0.6664420770167484	0.39781195235004874
98	98	0.7020648189528661	0.6727754048437157	0.39883754722464415
98	98	0.6932533033469126	0.6666294318714938	0.3995958783564071
98	98	0.6928053286876081	0.6668175534990594	0.39979104159066514
99	99	0.6936591999028727	0.6669939901657239	0.40018405876282415
99	99	0.6928378595298216	0.6662585550221057	0.39873237312786697
99	99	0.6937840000194558	0.6664969249513	0.40011429599745163
99	99	0.6935424188274211	0.6665864361863753	0.39820089226018995
99	99	0.6946111248863559	0.6668912841605749	0.3999309617226513
99	99	0.6936478377819171	0.6665415464758193	0.398223001180609
99	99	0.6946065661098839	0.6667522883114266	0.39996935134306805
99	99	0.6938601359113663	0.6665332866016291	0.39884095644216033
99	99	0.6948734828425288	0.666702751729886	0.3985088091441503
99	99	0.694329175866221	0.6665599274758347	0.39797341755494153
99	99	0.6950611604045722	0.6673920716641687	0.39872202139701324
99	99	0.6945808972552915	0.6670311355712378	0.3979100214350541
99	99	0.69608961917687	0.667591363015062	0.3998088344740031
99	99	0.6947893184310812	0.6673174243032172	0.3987072393139323
99	99	0.6961725431832165	0.6675659573019309	0.4001284006099032
99	99	0.6953263797143127	0.6674009571566536	0.398447722555954
98	98	0.6915485287401792	0.6672312865861242	0.39761990236373584
99	99	0.695995595057108	0.6677250224145306	0.39927445133122874
99	99	0.6954826236964423	0.6675782743247535	0.39769419751012325
99	99	0.6967568646932194	0.6678316433379099	0.4003881632136215
99	99	0.6971080625188908	0.6679814939401902	0.4009760045241373
98	99	0.6977290154253675	0.6689092701580373	0.4027768649359186
98	99	0.6972578917208558	0.6688741061863109	0.40185464783117836
99	99	0.6983570619482852	0.6690829817982955	0.4028156979923445
99	99	0.6977456719392199	0.6691532410697482	0.40228631993337877
99	99	0.6992513368983951	0.6695489951896064	0.4034068322223034
99	99	0.6989216419186661	0.6698665611273154	0.403225790690061
99	99	0.7005329386363413	0.6704959113690305	0.4059136160692478
99	99	0.6999926745293381	0.6708153248846226	0.40534124484164763
99	99	0.7012570634938095	0.6712440307211538	0.4071232782924871
99	99	0.7003116316386826	0.6710172791671551	0.4063774411960396
99	99	0.701945614781974	0.6717504171621227	0.40891038721453155
99	99	0.7013965756005416	0.671697568470862	0.4085879123298937
98	98	0.7022019730439065	0.6729060489833287	0.41240320550831056
99	98	0.7014261364333094	0.6721534292265998	0.4101239745429131
99	98	0.7030646441485137	0.6729395106368383	0.4129337292138248
99	99	0.7026392818214106	0.6731733842818828	0.41183182079827607
99	99	0.7036947212668173	0.6739115736249521	0.41370344239644913
98	99	0.7035433906216848	0.6744034647595509	0.41531283933051294
99	99	0.7048568248260006	0.6744011840544077	0.4168762002617642
98	98	0.7049627748182449	0.6750372751316803	0.4170783789251279
99	99	0.7062401924120435	0.6753080988067126	0.41812026730412977
99	99	0.7057807983751271	0.6754179360987419	0.4173423951253812
99	99	0.7068183873324978	0.6758231848142474	0.41888394395524664
99	99	0.7063584805022586	0.6751606257676516	0.41816478026199283
98	98	0.7071574642126798	0.6759227515136933	0.4189592605958542
99	99	0.7065133930541464	0.6752693075229588	0.41748035047977733
99	99	0.7074497041274894	0.675428714482413	0.41865064463637536
99	99	0.7065774574893222	0.6749150768913352	0.41742870265981913
99	99	0.7079023168440829	0.6753677851854576	0.4185445749996936
99	99	0.7068627450980396	0.6749987714383996	0.4177792520516986
99	99	0.7080760141691357	0.6754246073272704	0.41852796242526125
99	99	0.707375348386067	0.6752307635640351	0.41622944982626797
99	99	0.7080814782053173	0.6752395695120151	0.4178436286795423
99	99	0.7068881349612286	0.6751638075472902	0.4158442558807589
99	99	0.7077228587980012	0.675318860643907	0.4174364487908337
99	99	0.7072510822510826	0.6753134120781177	0.415509980215863
99	99	0.7091106136777859	0.6756483554120337	0.41686152190133746
99	99	0.7081683464663127	0.6751680410481944	0.4151008490623668
99	99	0.708725294704123	0.6751612808632923	0.4161310187085809
99	99	0.7072925529313976	0.6746105324922986	0.41333382230697796
99	99	0.7085706194828529	0.6747470900710879	0.4141502616983055
99	99	0.7080008790564799	0.6742182501892412	0.41208507313261594
99	99	0.7085094184494757	0.6740550444390773	0.4118232586054211
99	99	0.7072447002201439	0.673315858581421	0.4099293688100091
94	98	0.7232427750216543	0.6824154132871364	0.4187111846077126
94	98	0.7226217045338036	0.6823329626796433	0.4171026447849559
95	99	0.7233497547089184	0.6827452009945495	0.41918675582598525
95	99	0.7224605254005416	0.6825255499650927	0.4184000968670221
95	99	0.7229737917520709	0.6828974745716838	0.42067164275309127
95	99	0.7227441687575492	0.6830855248892617	0.4210043469731232
95	98	0.7234486400844986	0.6827593884134069	0.4221096941549264
95	98	0.7225639310081913	0.6822191275663825	0.42029143359499627
95	98	0.7232334884397627	0.6829317973379897	0.42298900744874623
95	98	0.7225540926201961	0.6830158147908234	0.42249451724433984
96	99	0.7297782371734612	0.6938482741339355	0.42139008958215923
96	99	0.7236917923971229	0.6831846965161978	0.4245953209944416
96	99	0.7231269510926107	0.6829772908122673	0.42369315051723155
96	99	0.7243617936949417	0.6830256917147484	0.42563194875449256
96	99	0.7232799689218741	0.6830010836451368	0.4254135230734635
96	99	0.7243401969744668	0.6834240890506875	0.42694305558755724
96	99	0.7237130827701173	0.682781934993308	0.42648664339311027
96	98	0.7241418676046336	0.6834472367494068	0.42637674004823556
97	99	0.7228580275350598	0.6831187270132085	0.4260734721414566
97	99	0.7240327200839175	0.682859779714355	0.42707879448075564
97	99	0.723005341629638	0.6828671708034647	0.4262797076107504
96	99	0.7287195393498064	0.6930655061865366	0.42017401993338216
96	98	0.7240052549640267	0.6831535990814158	0.4277442446247824
96	98	0.7231109627432859	0.6827980446500892	0.4267212177202942
96	98	0.7241880116186946	0.6828132362002097	0.42857349964015196
96	98	0.7234519748990595	0.6826005319575984	0.42778921633374023
96	98	0.7239897202102633	0.6829416173293809	0.4296537183845901
96	98	0.7229413840708329	0.6828153707221369	0.42745824640073093
96	99	0.7238759822742807	0.6824012274047705	0.4293626996674483
97	99	0.722675505435334	0.6822452504317783	0.42751904907040555
96	98	0.7233748659087419	0.6821487848020379	0.4294764401985463
96	98	0.7219903182699747	0.6817815007201496	0.4278373136578954
97	99	0.7231392868028035	0.6815777710047745	0.42901046428934325
96	97	0.721740261091173	0.681166588651375	0.42720757268424614
96	97	0.72286368128153	0.680850366671867	0.42814063556457094
97	99	0.7213108168578626	0.6800626474656245	0.4264695712309821
98	99	0.7215686274509796	0.6798345254166074	0.42656742169417544
98	99	0.720267404540109	0.6791409044916303	0.42460191379708967
97	99	0.7216118165327797	0.6791823544654968	0.42548206636891606
97	99	0.7197415098750738	0.6782158794051577	0.42416877585663637
97	99	0.7201759065896368	0.6777398391333732	0.4240588590968914
97	99	0.7191641027203206	0.6772925742021307	0.4224038139336528
96	99	0.7280414527179917	0.6924835734240635	0.4189585836988023
97	99	0.719256415334846	0.677013473091905	0.42241824986923066
97	99	0.7183986674182742	0.6763141723926044	0.4212771251986945
97	99	0.718682628957909	0.6763221785026605	0.42111122104424686
97	99	0.717749523816769	0.6753853216360923	0.41997255764289954
97	99	0.7187507611740339	0.6749746275321729	0.42086631754150994
97	99	0.7173404883338524	0.6747069211455102	0.41754951366772364
97	99	0.7182995559675879	0.6746587434870611	0.4188403484375278
97	99	0.7171255332345986	0.6744227142115732	0.41741844833478936
97	99	0.7179531941808984	0.6741540796963952	0.4192455407969643
97	99	0.7169200747206196	0.67367058722419	0.418525961370755
97	99	0.7175641803112998	0.6739377400444719	0.4194198504143927
97	99	0.7172662161206571	0.6737496338050943	0.4172606600600056
96	98	0.7180651463950894	0.6739040666878031	0.42041411805947565
96	99	0.7170784468239612	0.6737794671322693	0.4192462800723128
96	99	0.7182949925376967	0.6743538675312641	0.4207282177963051
96	99	0.7177910073310906	0.6740810430097575	0.4197929197898352
96	99	0.7189372918978901	0.6741665639001931	0.42143760019731175
96	99	0.7185444887936826	0.6742688796765759	0.41989089059779033
96	99	0.7192818158947256	0.6744584610487296	0.4218294492450031
96	99	0.7186273226736044	0.6743286347388061	0.4201523771398369
96	99	0.7201745882763245	0.6745308324742403	0.42196611838562254
96	99	0.7197116357979595	0.6746399932342563	0.42067959846335623
96	99	0.7207724193089438	0.6747487176332165	0.42102953352866884
95	98	0.7199552808170928	0.6751952536923443	0.42094837133678475
95	98	0.7210934286874388	0.675219720486726	0.42327583271117414
95	99	0.7206987370111428	0.6757212688997171	0.4223169006164557
95	99	0.7222503891483196	0.6761977265889682	0.4232369291946265
95	99	0.7215100419252655	0.6760246582293052	0.4231773755253734
95	99	0.7229223343342386	0.6767515216135775	0.42493956665699706
95	99	0.7227000399414176	0.6766321812974964	0.4227190969584478
95	99	0.7241147750711451	0.6771864964361249	0.42332576172945846
95	99	0.7236533798931507	0.6775502853876816	0.4220752003716433
95	99	0.7247905122666398	0.6779790042680199	0.42435275334189004
95	99	0.7241169429601857	0.6786420805853941	0.4236003431828912
95	99	0.7255600750938658	0.6789027951606181	0.4255918856904466
95	99	0.7247727343725582	0.6791837180969048	0.42413597409223946
94	98	0.7259817902442778	0.6804190534016139	0.4240188755116334
94	98	0.7251711658451221	0.6806310300841794	0.4234042496531415
94	98	0.7269860796029419	0.6810775260674622	0.4247584965545158
94	98	0.7260190725753819	0.6809367451992347	0.4233488587612151
95	99	0.7262930577636445	0.690705352411235	0.41496820349761543
94	98	0.7268964231992847	0.6813183712045587	0.4240091583136993
94	98	0.7263703526216985	0.681377474275522	0.42174354059342717
94	98	0.7272560735320728	0.6814167492091898	0.4219110457871363
94	98	0.726740096309893	0.6814324101418048	0.42081730385505667
94	98	0.727593645917498	0.6812409500723998	0.42149742802057627
94	98	0.7268479693302968	0.6816085619583886	0.42055349227267336
94	98	0.7281235379184198	0.6823731444855603	0.4221258134490244
94	98	0.727846430458949	0.682782651188608	0.4201618450441268
94	98	0.7284142703734625	0.6835673282159386	0.4204329899640725
94	98	0.7275081831760246	0.6834938189214104	0.41976409148208205
95	99	0.7272334095625272	0.6905025833227462	0.41567356964384067
94	98	0.7287497023100724	0.6842687412346862	0.4209086819613139
94	98	0.7279970818200545	0.6847646688764482	0.41934404389957675
94	98	0.7296787358782802	0.6848376233750445	0.4196337472708149
94	98	0.7284645412282703	0.684987935058105	0.4199218223480257
95	99	0.7296085662926902	0.685560135539991	0.4203666398066081
95	99	0.7285193018337307	0.685495670677069	0.4185335822726302
95	99	0.7293110262152528	0.6856866103047728	0.41946939228859786
95	99	0.7289630690986053	0.6857705662910327	0.41839755256941524
95	99	0.730158852917973	0.6865230236191245	0.4201394152191516
95	99	0.728817650153168	0.6861600189786595	0.41761611535724286
95	99	0.7263503327815559	0.6900482341852862	0.4147073343946439
94	97	0.729185784975256	0.6862401100791198	0.41702257151173594
94	97	0.7285447134472277	0.6862512332600657	0.41626131094553054
94	98	0.7293209460975698	0.6867370510881078	0.4171773893346225
95	99	0.7283618512528006	0.686462823519094	0.4157471540122436
95	99	0.7293034483292181	0.6862837940647788	0.41647388930582147
95	99	0.7282787868469305	0.6860077750347614	0.4142994600813621
94	98	0.7286511156186597	0.6862042554090607	0.4153286637931039
94	98	0.7274092840366277	0.6861362256881223	0.4134642282215715
94	98	0.7279839656104523	0.6864506771101181	0.41428484776560304
95	99	0.7273832783737089	0.6862369261739099	0.4132376752722885
95	99	0.726222461042449	0.6907170928554124	0.4144166640326202
95	99	0.7279890632723665	0.6858682443565666	0.41383568133135645
95	99	0.7268515803067476	0.6858284326588153	0.4120888449843336
94	98	0.7272163588737107	0.6860532877227002	0.4127557387687758
94	98	0.7269143585096457	0.685737625257739	0.41203314815544423
94	98	0.7275678970502838	0.6858325911096045	0.41293807620864253
94	99	0.7266401653179363	0.6849568038532122	0.41177101572728886
94	99	0.7276624323799619	0.6857004937377681	0.4125664394738361
94	99	0.7266684511063518	0.6853544736952599	0.4106588781122726
95	99	0.7254696890823895	0.6899131870500955	0.41383854158450745
94	99	0.7261752641131357	0.6861596323922826	0.41247600163660975
94	99	0.7268644299825187	0.6866873065015485	0.4164797497946546
94	99	0.7258138309087072	0.6870830697870551	0.41534261016234464
95	99	0.7268386870282603	0.6870964078100966	0.4169888176439612
95	99	0.726044949518472	0.6871299271886113	0.41536077085888506
93	98	0.7258521703554984	0.687899059029443	0.41695210072421995
94	99	0.7252518657706722	0.6873392995530644	0.41718526067709183
94	99	0.7268910223158589	0.6877056615618707	0.41821925351337147
94	99	0.7257513142503911	0.6873600153473535	0.4167989576588892
95	99	0.7255294903532545	0.689605616461682	0.41306927580651503
94	99	0.7267580274616657	0.6877325426083237	0.4180840946732917
95	99	0.7257844317344427	0.6868446241677093	0.4169403163164424
95	99	0.7267475329486802	0.6873502779942433	0.4186443746507036
95	99	0.7261157320454339	0.6876407982028335	0.41935057897588895
95	99	0.7252869295965997	0.6875214917442735	0.41829819614162317
95	99	0.7260161700015303	0.6876216578740304	0.41944941725680346
96	99	0.7255774797736814	0.6875558757679291	0.4185191210686833
96	99	0.725445215660423	0.6883006966794631	0.4194408468726977
96	99	0.7248299662646858	0.6879134514715582	0.4188323186888469
96	99	0.7259790484526915	0.6897911755747859	0.4147305809153059
96	99	0.7253996346493196	0.6882984283710855	0.42069820274375297
96	98	0.7249093379926222	0.6882956060311919	0.41868271533035706
96	99	0.7258591385814362	0.6883467023172911	0.42054678108029697
97	99	0.7245654748770542	0.687941848580074	0.41913457660906855
97	99	0.7252396669436203	0.687956053226008	0.42074614995667875
97	99	0.7241555402965328	0.6877551435619649	0.41961699855039303
96	98	0.7253141681639442	0.6881790485118349	0.4214337421555611
96	98	0.724121322063318	0.6874578091239157	0.42031521634308405
96	99	0.7247507985389201	0.688099294993044	0.42197193519980436
96	99	0.7240158320964495	0.6880790563237249	0.4202369606541155
96	99	0.7247391159853762	0.6892522432701901	0.411724314236777
96	99	0.7238427101482106	0.6885730730065972	0.42032506986059165
96	99	0.7229182480495188	0.688003923133708	0.42053176199307724
96	98	0.7242599000384459	0.6877632098591075	0.4219632951219705
97	99	0.7224245497572058	0.6870812588358232	0.4196237220070898
96	98	0.7234364153142877	0.6876592400487257	0.42119166437450095
95	97	0.7229304100114636	0.6867508115117886	0.41952353719798235
97	99	0.7224748701420521	0.686534611222915	0.42083124506848235
97	99	0.7214357801944298	0.6863630746416225	0.4188329008073821
97	99	0.7222705985281243	0.6861479079820915	0.42063815552467737
97	99	0.7210301003688849	0.6858806539551631	0.4190832168498228
96	99	0.7256353636345041	0.6894380379889187	0.4130390112249283
96	98	0.7223223903396131	0.6866058283622387	0.4199059771658836
97	99	0.7208335591706722	0.6857216599947874	0.4176271851375802
97	99	0.720716785924479	0.6859518425590359	0.41930531032844953
97	98	0.7197942648220718	0.6856863261501606	0.41881464727054957
97	98	0.7209864106359167	0.68598572613079	0.4200619412565449
97	99	0.7200487234557589	0.6864269637458355	0.41897279006165133
98	99	0.7211097204839368	0.6868801865786057	0.42087046559203023
98	99	0.7203215846665854	0.6868659529251384	0.4205275873130438
97	98	0.7213097526592326	0.6873248750480596	0.4227707292067155
98	99	0.7208711706167525	0.6871956131265989	0.4218538142483327
96	99	0.7247691993464045	0.6888020833333336	0.41195465686274535
97	99	0.7218616094101302	0.6878542644442924	0.42327981563574296
97	99	0.7208849530451799	0.687859553597831	0.4228253443863246
97	99	0.7216685270416968	0.688104813019568	0.42395500440883394
97	99	0.7204492710427026	0.6876399513943565	0.4228736941054192
97	99	0.720987974738298	0.6878490404726646	0.4228708976453283
97	99	0.7201379292794329	0.6874680306905372	0.42223664287259355
97	99	0.7205065147326122	0.6870968070427346	0.42282014857358174
97	99	0.7195882327473125	0.6867772488915036	0.42206907441506286
97	99	0.7199180035650612	0.6864929971988795	0.42261217214158414
97	99	0.718297514982631	0.6859701492537312	0.42123652835566433
97	99	0.7190496896463157	0.6861158365563835	0.42290845011328365
97	99	0.7174095575203234	0.6854948749049614	0.42131612338879315
97	99	0.7182939574481062	0.6853718014244992	0.4224090362380201
97	99	0.7170678748677889	0.6852188593279637	0.4204178870718415
97	99	0.7179740681125252	0.6849207015188391	0.4213013749138615
97	99	0.7163924008804967	0.6844321757741213	0.41961953565455246
97	99	0.7163529056228111	0.6841829388146923	0.4204103400199614
97	99	0.7151073037629291	0.6840946760581258	0.4193890475283972
97	99	0.7151759473059855	0.6837256680104354	0.4181208070739634
97	99	0.714491552277019	0.6835616056377307	0.41687972926727335
97	99	0.7136889963430123	0.682579000321856	0.4157009734228451
97	99	0.7140619576425998	0.6828130502750271	0.41602476886865375
97	99	0.7124199912763863	0.6819811732245928	0.41447257640769725
97	99	0.7127593066211988	0.6814197418097683	0.4146794949864008
97	99	0.7113353314877096	0.6805749396867532	0.4126137943833051
97	99	0.7103257452533132	0.6801974275365095	0.4114276841464879
96	99	0.7096313621538735	0.6798934497589628	0.41123195467716633
96	98	0.7102060670381174	0.6797813951794571	0.41156493374744485
96	99	0.7095292248255232	0.6791962653705556	0.4098740237620476
96	99	0.7097665436309545	0.6789723143692215	0.40996537349385137
96	99	0.7084654189891942	0.678223772304052	0.4078000602040716
96	99	0.7087749309902408	0.6776849007944227	0.4092448453274243
96	99	0.707825808070227	0.6776275052957473	0.4072761884070346
95	98	0.7084093276027045	0.6772773169661503	0.40777124006788007
96	99	0.7069809703765655	0.6765093083046807	0.4061657838490849
95	99	0.7074069676316223	0.6762692588810523	0.40611798480662625
95	99	0.7054874013609744	0.675365620229536	0.403608876655409
95	99	0.7057333859718377	0.6752262139755233	0.4038194499276222
95	99	0.7043558080509194	0.6749911232098473	0.40260228034875967
95	99	0.7049051114821929	0.6751283909385929	0.40353770860245586
95	99	0.7035631795170266	0.6743755718626534	0.4012846427513381
95	99	0.7045885910394039	0.6745077113022371	0.4025964174357047
95	99	0.7034879562262927	0.6740075340481017	0.40113611148093953
95	99	0.7042024257501905	0.6737024374851677	0.4027918814819453
95	99	0.703263282984645	0.6732046992108905	0.39997863047398674
97	99	0.732808511836643	0.6960945600331798	0.4255119569697578
96	98	0.7312519135506845	0.6952177587970998	0.4237193930020964
96	97	0.7317512862650716	0.6949348807829512	0.4241542626942507
97	98	0.7301594627650958	0.6944366238714662	0.42093246871129797
93	99	0.7206408481348149	0.6829542307844456	0.41183063676042075
93	99	0.7212617680068655	0.6827004687396847	0.4131870337360536
93	99	0.7223041197077049	0.6828120954660502	0.41436059198672776
93	99	0.7215321157473915	0.6827804985170428	0.4123589470871337
93	99	0.7225210916012137	0.6826028372736973	0.4135579221563072
93	99	0.7220308615471046	0.6823047034439623	0.4125624837661481
96	99	0.7303615767821364	0.6940465549056204	0.42227275340954884
93	99	0.7229392933962429	0.6824786562805834	0.4147882337027875
93	98	0.7215638495820687	0.681964341171693	0.4134332438810098
94	99	0.7231948592773971	0.6824735568362307	0.41396542177788515
94	99	0.7223583480853562	0.682286914500654	0.413740827101091
94	99	0.7230489167376339	0.6824555509546094	0.4161571335932436
94	99	0.7222332647306622	0.6817300393617605	0.4147294889753167
94	99	0.7221478966203193	0.6819299910338752	0.41648041699015326
94	98	0.7217610970768666	0.6818926877232623	0.4164216340043623
94	98	0.7228388029447114	0.6820198147377029	0.41742261750432835
94	98	0.7222658185049174	0.6819907163507036	0.41727303941226335
